Channel_center (um), shallow_sens (uJy), deep_sens (uJy)
0.7578 10.8046 1.5000
0.7753 10.9006 1.5000
0.7932 10.9979 1.5000
0.8115 11.1016 1.5000
0.8302 11.2081 1.5029
0.8493 11.2454 1.5972
0.8689 11.2961 1.6000
0.8890 11.3990 1.6000
0.9095 11.4596 1.6000
0.9305 11.4990 1.6000
0.9519 11.6093 1.6000
0.9739 11.5999 1.6000
0.9964 11.5894 1.6000
1.0193 11.7009 1.6000
1.0429 11.7000 1.6000
1.0669 11.7000 1.6000
1.0915 11.7034 1.6000
1.1214 11.6001 1.6000
1.1472 11.6000 1.6000
1.1735 11.6000 1.6000
1.2005 11.6000 1.6000
1.2281 11.6000 1.6000
1.2563 11.6000 1.6000
1.2852 11.6000 1.6000
1.3147 11.6017 1.6000
1.3449 11.5015 1.6000
1.3758 11.5000 1.6000
1.4074 11.4982 1.6000
1.4397 11.3993 1.6000
1.4728 11.3997 1.6000
1.5067 11.3611 1.6000
1.5413 11.3001 1.6000
1.5767 11.3062 1.5999
1.6129 11.1862 1.5401
1.6569 11.6000 1.6000
1.6948 11.4939 1.6000
1.7337 11.4973 1.6000
1.7733 11.4018 1.6000
1.8140 11.4082 1.6000
1.8555 11.3000 1.6001
1.8980 11.1903 1.6060
1.9415 11.1993 1.5002
1.9859 11.1018 1.5000
2.0314 11.0600 1.5000
2.0779 11.0030 1.5000
2.1255 10.9009 1.5000
2.1742 10.8442 1.5000
2.2240 10.8063 1.5000
2.2749 10.7000 1.5000
2.3270 10.6257 1.5000
2.3803 10.6413 1.5076
2.4502 8.9194 1.2012
2.5152 8.9104 1.2000
2.5829 8.7982 1.2000
2.6525 8.6984 1.2000
2.7239 8.6330 1.2000
2.7973 8.5981 1.2000
2.8726 8.5012 1.2000
2.9499 8.4977 1.2000
3.0294 8.4026 1.2000
3.1110 8.4000 1.2000
3.1948 8.4000 1.2000
3.2808 8.3895 1.2000
3.3692 8.5033 1.2000
3.4599 8.6109 1.2000
3.5530 8.7954 1.2001
3.6487 9.0564 1.2574
3.7469 9.0712 1.2433
3.8345 23.9444 3.5004
3.8672 24.3349 3.5971
3.9002 24.7137 3.6007
3.9335 25.0824 3.7035
3.9670 25.5644 3.6895
4.0008 26.0439 3.8003
4.0350 26.5074 3.9056
4.0694 27.0683 3.8919
4.1041 27.6025 4.0035
4.1391 28.2726 4.0986
4.1744 28.9086 4.1996
4.2100 29.5570 4.3037
4.2459 30.2945 4.4095
4.2821 31.0402 4.5100
4.3186 31.8890 4.6005
4.3554 32.7248 4.7090
4.3926 33.4557 4.7786
4.4339 39.3564 5.3935
4.4658 40.2177 5.5618
4.4980 41.1756 5.7052
4.5304 42.1145 5.8031
4.5630 43.1346 5.9809
4.5959 44.1699 6.1008
4.6290 45.2656 6.2208
4.6623 46.2729 6.3975
4.6959 47.4987 6.5723
4.7297 48.6645 6.7362
4.7638 49.8778 6.9046
4.7981 51.1655 7.0938
4.8327 52.4547 7.2662
4.8675 53.8102 7.4318
4.9026 55.1213 7.6038
4.9379 56.5297 7.7946
4.9734 58.0349 8.0404
