z_mean z_min z_max L_mean L_min L_max phi_mean phi_min phi_max Ngalaxy
1.199999999999999956e-01 0.000000000000000000e+00 2.000000000000000111e-01 5.806406710429440768e+40 4.612192792386625406e+40 7.309832958971823768e+40 9.351588102008102574e-03 5.065253334316770044e-03 1.363792286969943771e-02 -1.000000000000000000e+00
1.199999999999999956e-01 0.000000000000000000e+00 2.000000000000000111e-01 3.663594958984509901e+40 2.910096916514932858e+40 4.612192792386625406e+40 9.526981261119327887e-03 5.065253334316806473e-03 1.398870918792184843e-02 -1.000000000000000000e+00
1.199999999999999956e-01 0.000000000000000000e+00 2.000000000000000111e-01 2.311572146571911952e+40 1.836147022624278676e+40 2.910096916514980731e+40 1.763081716449737407e-02 1.141674622628755312e-02 2.384488810270719503e-02 -1.000000000000000000e+00
1.199999999999999956e-01 0.000000000000000000e+00 2.000000000000000111e-01 1.458503423175383906e+40 1.158530449470220658e+40 1.836147022624278676e+40 1.747867260031411157e-02 1.171040079619999584e-02 2.324694440442822557e-02 -1.000000000000000000e+00
2.600000000000000089e-01 2.000000000000000111e-01 3.250000000000000111e-01 1.457201050370267009e+41 1.157495937978979315e+41 1.834507432404287808e+41 9.108389063284075618e-03 7.286711250627260668e-03 1.366258359492611256e-02 -1.000000000000000000e+00
2.600000000000000089e-01 2.000000000000000111e-01 3.250000000000000111e-01 2.309508024779035593e+41 1.834507432404287808e+41 2.907498341136890758e+41 2.732516718985222859e-03 1.366258359492611429e-03 3.643355625313630334e-03 -1.000000000000000000e+00
3.800000000000000044e-01 3.250000000000000111e-01 4.500000000000000111e-01 1.456155273185664747e+41 1.156665247634019289e+41 1.833190876931517432e+41 7.302421972967630855e-03 5.933217853036200883e-03 9.128027466209538351e-03 -1.000000000000000000e+00
3.800000000000000044e-01 3.250000000000000111e-01 4.500000000000000111e-01 2.307850579638328032e+41 1.833190876931517432e+41 2.905411741330599586e+41 4.107612359794292518e-03 2.738408239862861679e-03 5.476816479725723358e-03 -1.000000000000000000e+00
3.800000000000000044e-01 3.250000000000000111e-01 4.500000000000000111e-01 3.657696672886185337e+41 2.905411741330551616e+41 4.604767290131411654e+41 2.464567415876575338e-03 6.389619226346677323e-04 1.825605493241907714e-03 -1.000000000000000000e+00
3.800000000000000044e-01 3.250000000000000111e-01 4.500000000000000111e-01 5.797058556945018079e+41 4.604767290131411654e+41 7.298064330996931408e+41 9.128027466209538568e-04 4.564013733104769284e-04 1.643044943917716964e-03 -1.000000000000000000e+00
4.899999999999999911e-01 4.500000000000000111e-01 5.600000000000000533e-01 1.455265868787068066e+41 1.155958768608125851e+41 1.832071183132762320e+41 6.401341680956313535e-03 5.029625606465673929e-03 7.773057755446952273e-03 -1.000000000000000000e+00
4.899999999999999911e-01 4.500000000000000111e-01 5.600000000000000533e-01 2.306440968661647202e+41 1.832071183132762320e+41 2.903637146251311969e+41 6.401341680956313535e-03 4.572386914968795506e-03 8.230296446943832431e-03 -1.000000000000000000e+00
4.899999999999999911e-01 4.500000000000000111e-01 5.600000000000000533e-01 3.655462590045225508e+41 2.903637146251264386e+41 4.601954746470873796e+41 1.828954765987518029e-03 9.144773829937590144e-04 2.743432148981277043e-03 -1.000000000000000000e+00
4.899999999999999911e-01 4.500000000000000111e-01 5.600000000000000533e-01 5.793517774258985674e+41 4.601954746470873796e+41 7.293606749695845359e+41 5.029625606465675013e-04 1.646059289388765998e-04 8.230296446943832431e-04 -1.000000000000000000e+00
4.899999999999999911e-01 4.500000000000000111e-01 5.600000000000000533e-01 9.182106880825588960e+41 7.293606749695845359e+41 1.155958768608144923e+42 8.230296446943832431e-04 3.200670840478156334e-04 1.371716074490638522e-03 -1.000000000000000000e+00
9.100000000000000311e-01 9.020000000000000240e-01 9.220000000000000417e-01 3.251759652914079132e+41 2.898133841245154837e+41 3.648534339524120299e+41 9.394703032843442284e-03 7.955377507008885851e-03 1.083402855867799698e-02 -1.000000000000000000e+00
9.100000000000000311e-01 9.020000000000000240e-01 9.220000000000000417e-01 4.093722860100528233e+41 3.648534339524179875e+41 4.593232595830578168e+41 3.131567677614480617e-03 2.234863276535443977e-03 4.028272078693517257e-03 -1.000000000000000000e+00
9.100000000000000311e-01 9.020000000000000240e-01 9.220000000000000417e-01 5.153691737423270362e+41 4.593232595830653218e+41 5.782537237172420860e+41 2.625734425723742077e-03 1.802605770374267726e-03 3.448863081073216211e-03 -1.000000000000000000e+00
9.100000000000000311e-01 9.020000000000000240e-01 9.220000000000000417e-01 6.488113492795703099e+41 5.782537237172420860e+41 7.279783072522300092e+41 1.554287628536996221e-03 9.104998534033291761e-04 2.198075403670663591e-03 -1.000000000000000000e+00
9.100000000000000311e-01 9.020000000000000240e-01 9.220000000000000417e-01 8.168050950685150941e+41 7.279783072522419244e+41 9.164703902347375219e+41 7.955377507008886285e-04 3.310908557830287815e-04 1.259984645618748367e-03 -1.000000000000000000e+00
3.499999999999999778e-01 3.349999999999999645e-01 3.649999999999999911e-01 1.283871760251910964e+40 1.144251910767948012e+40 1.440527807959782858e+40 7.765699366338689458e-03 4.617740275382360531e-03 1.091365845729501925e-02 -1.000000000000000000e+00
3.499999999999999778e-01 3.349999999999999645e-01 3.649999999999999911e-01 1.598673373039313186e+40 1.424819143490738854e+40 1.793741026951267531e+40 1.141609373507944218e-02 7.764445327146506960e-03 1.506774214301237827e-02 -1.000000000000000000e+00
3.499999999999999778e-01 3.349999999999999645e-01 3.649999999999999911e-01 2.049728074223081826e+40 1.826822069070412205e+40 2.299832725579111198e+40 1.075326661343820392e-02 7.227399004677989569e-03 1.427913422219841827e-02 -1.000000000000000000e+00
3.499999999999999778e-01 3.349999999999999645e-01 3.649999999999999911e-01 2.552315422522132973e+40 2.274753514736096296e+40 2.863745005269331625e+40 7.532596771610812481e-03 4.535732161591208081e-03 1.052946138163041688e-02 -1.000000000000000000e+00
3.499999999999999778e-01 3.349999999999999645e-01 3.649999999999999911e-01 3.224940054375085498e+40 2.874230848886910319e+40 3.618442255026404914e+40 6.213959590938513203e-03 3.466696992624365530e-03 8.961222189252661743e-03 -1.000000000000000000e+00
3.499999999999999778e-01 3.349999999999999645e-01 3.649999999999999911e-01 4.015685954153157707e+40 3.578983873889535107e+40 4.505673747241007293e+40 3.760969574130066696e-03 1.692902073890179384e-03 5.829037074369954226e-03 -1.000000000000000000e+00
3.499999999999999778e-01 3.349999999999999645e-01 3.649999999999999911e-01 5.073960046263696124e+40 4.522171651285699533e+40 5.693076808298683589e+40 6.937272453384353901e-03 4.073378757356392772e-03 9.801166149412314163e-03 -1.000000000000000000e+00
3.499999999999999778e-01 3.349999999999999645e-01 3.649999999999999911e-01 6.318080257669583249e+40 5.630994956852358082e+40 7.089002644866140250e+40 4.419149871742229438e-03 1.989164718099156823e-03 6.849135025385301619e-03 -1.000000000000000000e+00
3.499999999999999778e-01 3.349999999999999645e-01 3.649999999999999911e-01 9.105741080995896918e+40 8.115500280840643965e+40 1.021680953297285355e+41 2.870067700370160322e-03 1.204403239149112563e-03 4.535732161591208081e-03 -1.000000000000000000e+00
3.499999999999999778e-01 3.349999999999999645e-01 3.649999999999999911e-01 1.432651945697864381e+41 1.276852390622367841e+41 1.607461921664610136e+41 2.513029862730201906e-03 1.025021569507822286e-03 4.001038155952581742e-03 -1.000000000000000000e+00
5.300000000000000266e-01 5.160000000000000142e-01 5.440000000000000391e-01 3.674785222291157464e+40 3.275155776807016623e+40 4.123176835006764764e+40 7.015645117313441120e-03 4.715298928297753482e-03 9.315991306329127891e-03 -1.000000000000000000e+00
5.300000000000000266e-01 5.160000000000000142e-01 5.440000000000000391e-01 4.443975375250621361e+40 3.960697222235376600e+40 4.986222381494620706e+40 8.162800002961856025e-03 5.952186704027786525e-03 1.037341330189592466e-02 -1.000000000000000000e+00
5.300000000000000266e-01 5.160000000000000142e-01 5.440000000000000391e-01 5.781724026531827132e+40 5.152966962676904064e+40 6.487201055449674737e+40 4.138142521161783903e-03 2.429805367149780355e-03 5.846479675173787451e-03 -1.000000000000000000e+00
5.300000000000000266e-01 5.160000000000000142e-01 5.440000000000000391e-01 7.199385902579921148e+40 6.416459439661212411e+40 8.077843842335957461e+40 2.019259783842208833e-03 8.594282384923918224e-04 3.179091329192025844e-03 -1.000000000000000000e+00
1.189999999999999947e+00 1.161999999999999922e+00 1.217999999999999972e+00 2.245940339329582686e+41 2.001696434419923656e+41 2.519986507988985749e+41 5.365431051622626679e-03 4.838350544063033283e-03 5.892511559182220943e-03 -1.000000000000000000e+00
1.189999999999999947e+00 1.161999999999999922e+00 1.217999999999999972e+00 2.837824391188833443e+41 2.529213650905885951e+41 3.184091336982080150e+41 4.575084917305549323e-03 4.044606901943232843e-03 5.105562932667865803e-03 -1.000000000000000000e+00
1.189999999999999947e+00 1.161999999999999922e+00 1.217999999999999972e+00 3.533650658898301877e+41 3.149369464780056048e+41 3.964821250340156042e+41 3.964079447787250549e-03 3.504447105172903316e-03 4.423711790401598648e-03 -1.000000000000000000e+00
1.189999999999999947e+00 1.161999999999999922e+00 1.217999999999999972e+00 4.464891544160784913e+41 3.979338777398747649e+41 5.009690709005150807e+41 3.204262983605861946e-03 2.776209232166050242e-03 3.632316735045673217e-03 -1.000000000000000000e+00
1.189999999999999947e+00 1.161999999999999922e+00 1.217999999999999972e+00 5.559669934447104792e+41 4.955061044789986774e+41 6.238052266277389368e+41 1.148391236939410491e-03 8.661948917924699835e-04 1.430587582086350999e-03 -1.000000000000000000e+00
1.189999999999999947e+00 1.161999999999999922e+00 1.217999999999999972e+00 7.024837957914228819e+41 6.260893420228633731e+41 7.881997827260622047e+41 1.233724742140133047e-03 9.305592337745677029e-04 1.536890250505698174e-03 -1.000000000000000000e+00
1.189999999999999947e+00 1.161999999999999922e+00 1.217999999999999972e+00 8.876129143781647409e+41 7.910858426391713976e+41 9.959180702090416032e+41 7.532087419606151284e-04 5.244653315619800206e-04 9.819521523592501279e-04 -1.000000000000000000e+00
1.639999999999999902e+00 1.604999999999999982e+00 1.674999999999999822e+00 1.981335771452452473e+42 1.765867365064958690e+42 2.223095299738255344e+42 1.400337705479635410e-03 1.021104457867434831e-03 1.779570953091835772e-03 -1.000000000000000000e+00
1.639999999999999902e+00 1.604999999999999982e+00 1.674999999999999822e+00 2.577767801827114152e+42 2.297437971669394287e+42 2.892303044555410702e+42 2.961260486440629161e-04 8.459761314834991297e-05 5.076544841397758650e-04 -1.000000000000000000e+00
1.639999999999999902e+00 1.604999999999999982e+00 1.674999999999999822e+00 3.504105135614572267e+42 3.123036989435784700e+42 3.931670627973809993e+42 1.074623645086464607e-04 1.137006059534537439e-05 2.035546684219475351e-04 -1.000000000000000000e+00
2.180000000000000160e+00 2.160000000000000142e+00 2.200000000000000178e+00 5.138819424322971770e+42 4.851358368801484145e+42 5.443313618227500523e+42 6.720629111641395446e-04 5.098118534179466510e-04 8.859514613759632068e-04 7.300000000000000000e+01
2.180000000000000160e+00 2.160000000000000142e+00 2.200000000000000178e+00 5.765850227415728345e+42 5.443313618227500523e+42 6.107498332204408851e+42 4.543702926304486289e-04 3.527036295361207709e-04 5.853423257838534337e-04 5.300000000000000000e+01
2.180000000000000160e+00 2.160000000000000142e+00 2.200000000000000178e+00 6.469390359901577649e+42 6.107498332204408851e+42 6.852725838351764351e+42 2.675530639975020318e-04 1.938250607880356109e-04 3.693260394884405741e-04 3.000000000000000000e+01
2.180000000000000160e+00 2.160000000000000142e+00 2.200000000000000178e+00 7.258775371892861896e+42 6.852725838351877003e+42 7.688884852902649338e+42 1.649718819935850223e-04 1.167911483992760223e-04 2.330289771230133395e-04 1.800000000000000000e+01
2.180000000000000160e+00 2.160000000000000142e+00 2.200000000000000178e+00 8.144479922896336382e+42 7.688884852902649338e+42 8.627070697959552948e+42 1.340941799934086535e-04 9.277050673941850090e-05 1.938250607880358006e-04 1.500000000000000000e+01
2.180000000000000160e+00 2.160000000000000142e+00 2.200000000000000178e+00 9.138256774181610146e+42 8.627070697959695311e+42 9.679732529678434419e+42 5.720183077568240237e-05 3.216695332171133664e-05 1.017208378849268006e-04 6.000000000000000000e+00
2.180000000000000160e+00 2.160000000000000142e+00 2.200000000000000178e+00 1.025329274078162949e+43 9.679732529678434419e+42 1.086083853100616026e+43 1.894130637560908717e-05 4.982071188444850062e-06 7.201283836465616770e-05 2.000000000000000000e+00
2.180000000000000160e+00 2.160000000000000142e+00 2.200000000000000178e+00 1.290813078593470025e+43 1.086083853100616026e+43 1.534134219113184551e+43 9.493140943678137731e-06 5.216868969842480529e-06 1.727467672611668686e-05 5.000000000000000000e+00
2.180000000000000160e+00 2.160000000000000142e+00 2.200000000000000178e+00 1.823321936603352590e+43 1.534134219113159297e+43 2.167022182987876934e+43 2.801624514302740354e-06 8.268180116264974103e-07 9.493140943678156365e-06 2.000000000000000000e+00
1.469999999999999973e+00 1.449999999999999956e+00 1.489999999999999991e+00 1.292412706952850299e+42 1.087429772630636378e+42 1.536035380981379042e+42 1.887106202223473583e-03 1.643600792516941664e-03 2.166687820232109703e-03 1.270000000000000000e+02
1.469999999999999973e+00 1.449999999999999956e+00 1.489999999999999991e+00 1.825581471718420300e+42 1.536035380981353974e+42 2.169707645505106991e+42 8.237517343891587055e-04 6.543292610284054227e-04 1.037041991432031138e-03 4.200000000000000000e+01
1.469999999999999973e+00 1.449999999999999956e+00 1.489999999999999991e+00 2.578702369569923276e+42 2.169707645505071400e+42 3.064793510130991304e+42 2.604931707183793079e-04 1.844150420709342222e-04 3.679563837575354187e-04 1.900000000000000000e+01
1.469999999999999973e+00 1.449999999999999956e+00 1.489999999999999991e+00 3.642513913425165830e+42 3.064793510130941168e+42 4.329135899576168508e+42 5.442473736958098875e-05 2.856250819369067330e-05 1.037041991432030217e-04 6.000000000000000000e+00
2.250000000000000000e+00 2.229999999999999982e+00 2.270000000000000018e+00 4.579564950842249600e+42 3.637677743207702803e+42 5.765330691577233743e+42 6.569424583477553523e-04 5.464209365527882738e-04 7.898185532616376408e-04 3.700000000000000000e+01
3.339999999999999858e+00 3.310000000000000053e+00 3.370000000000000107e+00 1.149196733073830700e+43 1.024222666452293967e+43 1.289419942132357320e+43 1.284744750612207525e-04 8.685940536131301422e-05 1.900276737285587568e-04 1.200000000000000000e+01
3.339999999999999858e+00 3.310000000000000053e+00 3.370000000000000107e+00 1.446752970417489049e+43 1.217290920470021938e+43 1.719469127892319831e+43 1.118965900170437679e-04 6.438976674764917399e-05 1.944539868658478601e-04 7.000000000000000000e+00
1.000000000000000056e-01 3.200000000000000067e-02 2.000000000000000111e-01 6.515750753618020620e+39 5.175644794024792972e+39 8.202844200646749617e+39 1.274075709379023785e-02 1.215960931102167200e-02 1.334914617887608158e-02 -1.000000000000000000e+00
1.000000000000000056e-01 3.200000000000000067e-02 2.000000000000000111e-01 1.032676901318263966e+40 8.202844200646749617e+39 1.300063193242424153e+40 1.206971301337465829e-02 1.139776088954850414e-02 1.277980296044500114e-02 -1.000000000000000000e+00
1.000000000000000056e-01 3.200000000000000067e-02 2.000000000000000111e-01 1.636682590911164190e+40 1.300063193242424153e+40 2.060461304739188780e+40 9.009606719733928570e-03 8.788952170963986940e-03 9.234801485556746667e-03 -1.000000000000000000e+00
1.000000000000000056e-01 3.200000000000000067e-02 2.000000000000000111e-01 2.593967096554696337e+40 2.060461304739154930e+40 3.265611095210652119e+40 7.392381405498277269e-03 7.228025548184042332e-03 7.561277479865391275e-03 -1.000000000000000000e+00
1.000000000000000056e-01 3.200000000000000067e-02 2.000000000000000111e-01 4.111160792797685043e+40 3.265611095210652119e+40 5.175644794024877838e+40 5.657110447887761517e-03 5.550869368850383338e-03 5.765167613746292365e-03 -1.000000000000000000e+00
1.000000000000000056e-01 3.200000000000000067e-02 2.000000000000000111e-01 6.515750753618022071e+40 5.175644794024792730e+40 8.202844200646749376e+40 3.943632532131066508e-03 3.872805146106148011e-03 4.015367961566561339e-03 -1.000000000000000000e+00
1.000000000000000056e-01 3.200000000000000067e-02 2.000000000000000111e-01 1.032676901318264039e+41 8.202844200646749376e+40 1.300063193242424153e+41 2.458073512428919465e-03 2.409039168257822144e-03 2.507107856600017219e-03 -1.000000000000000000e+00
1.000000000000000056e-01 3.200000000000000067e-02 2.000000000000000111e-01 1.636682590911164287e+41 1.300063193242424153e+41 2.060461304739188780e+41 1.264904470932207365e-03 1.223134474045716813e-03 1.307582511229273816e-03 -1.000000000000000000e+00
1.000000000000000056e-01 3.200000000000000067e-02 2.000000000000000111e-01 2.593967096554696241e+41 2.060461304739155124e+41 3.265611095210652023e+41 5.648030013782002947e-04 5.411938727032272094e-04 5.893201734637491720e-04 -1.000000000000000000e+00
1.000000000000000056e-01 3.200000000000000067e-02 2.000000000000000111e-01 4.111160792797685236e+41 3.265611095210652023e+41 5.175644794024877065e+41 2.206545487699399768e-04 2.061258542007258414e-04 2.360912867497300398e-04 -1.000000000000000000e+00
1.000000000000000056e-01 3.200000000000000067e-02 2.000000000000000111e-01 6.515750753618020717e+41 5.175644794024792730e+41 8.202844200646750149e+41 7.536760307779843265e-05 6.810325579319133783e-05 8.353999377298138723e-05 -1.000000000000000000e+00
1.699999999999999845e-01 1.000000000000000056e-01 2.399999999999999911e-01 4.401863964898451230e+40 3.163526598178621045e+40 5.625634212651518713e+40 9.396836490927222910e-03 4.594083306176758100e-03 1.419958967567768598e-02 7.820000000000000000e+02
1.699999999999999845e-01 1.000000000000000056e-01 2.399999999999999911e-01 2.361566230420495057e+41 1.778981739494682771e+41 3.163526598178620948e+41 9.116424039424913780e-04 6.002820940054622110e-04 1.223002713879520545e-03 5.950000000000000000e+02
1.699999999999999845e-01 1.000000000000000056e-01 2.399999999999999911e-01 4.169224252936434643e+41 3.163526598178620948e+41 5.625634212651518520e+41 3.451146356803799060e-04 2.069240800246262887e-04 4.833051913361334690e-04 1.980000000000000000e+02
1.699999999999999845e-01 1.000000000000000056e-01 2.399999999999999911e-01 7.383788508619886233e+41 5.625634212651518520e+41 1.000394948876872201e+42 5.387858588679642963e-05 3.965192483742866218e-05 6.810524693616419709e-05 4.600000000000000000e+01
1.699999999999999845e-01 1.000000000000000056e-01 2.399999999999999911e-01 1.298931568816520239e+42 1.000394948876872201e+42 1.778981739494682616e+42 9.624456517965423221e-06 1.299084827528206884e-06 1.794982820840263998e-05 9.000000000000000000e+00
5.974999999999999201e-01 5.000000000000000000e-01 6.949999999999999512e-01 1.345777214634821103e+41 1.000290716434832918e+41 1.778796385089146324e+41 3.602483927351522904e-03 3.364286538976359823e-03 3.840681315726685984e-03 8.710000000000000000e+02
5.974999999999999201e-01 5.000000000000000000e-01 6.949999999999999512e-01 2.361320175784262934e+41 1.778796385089146324e+41 3.163196986255695323e+41 2.050864994960209606e-03 1.953937538944701142e-03 2.147792450975718505e-03 8.950000000000000000e+02
5.974999999999999201e-01 5.000000000000000000e-01 6.949999999999999512e-01 4.168789856075693804e+41 3.163196986255695323e+41 5.625048070555676642e+41 7.888950072935335765e-04 7.377185066518042239e-04 8.400715079352629290e-04 6.270000000000000000e+02
5.974999999999999201e-01 5.000000000000000000e-01 6.949999999999999512e-01 7.383019182156753727e+41 5.625048070555676642e+41 1.000290716434832995e+42 3.946864275451967240e-04 3.405154579425912929e-04 4.488573971478021550e-04 5.200000000000000000e+02
5.974999999999999201e-01 5.000000000000000000e-01 6.949999999999999512e-01 1.298796231458398191e+42 1.000290716434832995e+42 1.778796385089146170e+42 1.395289997225173989e-04 1.178916615204712138e-04 1.611663379245635976e-04 3.230000000000000000e+02
5.974999999999999201e-01 5.000000000000000000e-01 6.949999999999999512e-01 2.316340037991155410e+42 1.778796385089146170e+42 3.163196986255694936e+42 5.101604126243493694e-05 3.614876178717394393e-05 6.588332073769592994e-05 1.320000000000000000e+02
5.974999999999999201e-01 5.000000000000000000e-01 6.949999999999999512e-01 4.059289759692828863e+42 3.163196986255694936e+42 5.625048070555676487e+42 7.902042982609154082e-06 5.621750312592247420e-06 1.018233565262606159e-05 4.200000000000000000e+01
5.974999999999999201e-01 5.000000000000000000e-01 6.949999999999999512e-01 6.924656961934942804e+42 5.625048070555676487e+42 1.000290716434832933e+43 1.945451823027205946e-06 9.931485179304417537e-07 2.897755128123970350e-06 7.000000000000000000e+00
7.874999999999999778e-01 6.949999999999999512e-01 8.800000000000000044e-01 1.345728059017044491e+41 1.000254179995080538e+41 1.778731413090618403e+41 7.593254957796750568e-03 7.072622364583796943e-03 8.113887551009705060e-03 5.490000000000000000e+02
7.874999999999999778e-01 6.949999999999999512e-01 8.800000000000000044e-01 2.361233926625972481e+41 1.778731413090618403e+41 3.163081447888484433e+41 2.907658938529943463e-03 2.694485313198850037e-03 3.120832563861036888e-03 7.460000000000000000e+02
7.874999999999999778e-01 6.949999999999999512e-01 8.800000000000000044e-01 4.168637587603224588e+41 3.163081447888484433e+41 5.624842611056195656e+41 1.467884486369079805e-03 1.294406468951740836e-03 1.641362503786418991e-03 7.450000000000000000e+02
7.874999999999999778e-01 6.949999999999999512e-01 8.800000000000000044e-01 7.382749511318958820e+41 5.624842611056195656e+41 1.000254179995080577e+42 4.813195173204281576e-04 4.342310766149256500e-04 5.284079580259307737e-04 5.700000000000000000e+02
7.874999999999999778e-01 6.949999999999999512e-01 8.800000000000000044e-01 1.298748791859607976e+42 1.000254179995080577e+42 1.778731413090618249e+42 1.772216892797687086e-04 1.635246270699184669e-04 1.909187514896189231e-04 4.350000000000000000e+02
7.874999999999999778e-01 6.949999999999999512e-01 8.800000000000000044e-01 2.316255431769330866e+42 1.778731413090618249e+42 3.163081447888484588e+42 6.530346805447422866e-05 5.619232036021420024e-05 7.441461574873426386e-05 2.600000000000000000e+02
7.874999999999999778e-01 6.949999999999999512e-01 8.800000000000000044e-01 4.059141490801290439e+42 3.163081447888484588e+42 5.624842611056196430e+42 2.407234735708390841e-05 1.917891216147083920e-05 2.896578255269697763e-05 1.140000000000000000e+02
7.874999999999999778e-01 6.949999999999999512e-01 8.800000000000000044e-01 6.924404033153601595e+42 5.624842611056196430e+42 1.000254179995080670e+43 2.909669876828755943e-06 1.721207522454692900e-06 4.098132231202819832e-06 2.300000000000000000e+01
7.874999999999999778e-01 6.949999999999999512e-01 8.800000000000000044e-01 1.197199933213648352e+43 1.000254179995080670e+43 1.778731413090618311e+43 3.574978721422304125e-07 1.059248876594736254e-07 6.090708566249871466e-07 4.000000000000000000e+00
9.850000000000000977e-01 8.800000000000000044e-01 1.090000000000000080e+00 1.345684994810921990e+41 1.000222171186247506e+41 1.778674492484931043e+41 8.719694262985402608e-03 7.999246595293395962e-03 9.440141930677409254e-03 1.760000000000000000e+02
9.850000000000000977e-01 8.800000000000000044e-01 1.090000000000000080e+00 2.361158365546719752e+41 1.778674492484931043e+41 3.162980227147383188e+41 4.600339886305686993e-03 4.260050659743736673e-03 4.940629112867637313e-03 3.400000000000000000e+02
9.850000000000000977e-01 8.800000000000000044e-01 1.090000000000000080e+00 4.168504188387000808e+41 3.162980227147383188e+41 5.624662612296427075e+41 1.795224345377304008e-03 1.641339484718073094e-03 1.949109206036534923e-03 3.520000000000000000e+02
9.850000000000000977e-01 8.800000000000000044e-01 1.090000000000000080e+00 7.382513258351967585e+41 5.624662612296427075e+41 1.000222171186247622e+42 4.766802663455328650e-04 4.315421930229466213e-04 5.218183396681192170e-04 3.240000000000000000e+02
9.850000000000000977e-01 8.800000000000000044e-01 1.090000000000000080e+00 1.298707231021740804e+42 1.000222171186247622e+42 1.778674492484930811e+42 1.730453874625875754e-04 1.556873656640552438e-04 1.904034092611199070e-04 2.640000000000000000e+02
9.850000000000000977e-01 8.800000000000000044e-01 1.090000000000000080e+00 2.316181310032269571e+42 1.778674492484930811e+42 3.162980227147382878e+42 9.910036309122152785e-05 8.640081698136388032e-05 1.117999092010791618e-04 2.080000000000000000e+02
9.850000000000000977e-01 8.800000000000000044e-01 1.090000000000000080e+00 4.059011595534063740e+42 3.162980227147382878e+42 5.624662612296427075e+42 3.072259966022901953e-05 2.596871938225967687e-05 3.547647993819836557e-05 1.370000000000000000e+02
9.850000000000000977e-01 8.800000000000000044e-01 1.090000000000000080e+00 6.924182447551248197e+42 5.624662612296427075e+42 1.000222171186247561e+43 1.058320964893335917e-05 6.052755930309325318e-06 1.511366336755739048e-05 5.500000000000000000e+01
9.850000000000000977e-01 8.800000000000000044e-01 1.090000000000000080e+00 1.197161622007793383e+43 1.000222171186247561e+43 1.778674492484930625e+43 7.149782152844740010e-07 2.364107932507447037e-07 1.193545637318203325e-06 8.000000000000000000e+00
1.495000000000000107e+00 1.340000000000000080e+00 1.649999999999999911e+00 6.923762424679347128e+42 5.624321418666450672e+42 1.000161497425545333e+43 1.046772868026823257e-04 7.451322452089710960e-05 1.348413490844675689e-04 1.800000000000000000e+01
1.495000000000000107e+00 1.340000000000000080e+00 1.649999999999999911e+00 1.197089001844125629e+43 1.000161497425545333e+43 1.778566597585544292e+43 1.488494393337741206e-05 6.977327193205911968e-06 2.279256067354891384e-05 6.000000000000000000e+00
8.051139829310047791e-01 7.800000000000000266e-01 8.299999999999999600e-01 8.017361278562703708e+41 6.189658188912571906e+41 1.211527658628595105e+42 3.713632500012233788e-04 2.743480617056404309e-04 4.683784382968063267e-04 1.080000000000000000e+02
8.051139829310047791e-01 7.800000000000000266e-01 8.299999999999999600e-01 1.596821266656801206e+42 1.211527658628595105e+42 2.371373705661655282e+42 3.714071758200022239e-05 2.703636350129394212e-05 4.724507166270650266e-05 1.100000000000000000e+01
8.051139829310047791e-01 7.800000000000000266e-01 8.299999999999999600e-01 3.273167109235032337e+42 2.371373705661655282e+42 4.641588833612753496e+42 1.980806204510184512e-05 1.092758364970258553e-05 2.868854044050110470e-05 5.000000000000000000e+00
9.271958457511613183e-01 8.299999999999999600e-01 1.030000000000000027e+00 1.564728132157575075e+42 1.211527658628595105e+42 2.371373705661655282e+42 2.131584696240856804e-04 1.914697441746201394e-04 2.348471950735512214e-04 3.100000000000000000e+02
9.271958457511613183e-01 8.299999999999999600e-01 1.030000000000000027e+00 3.104813406169541243e+42 2.371373705661655282e+42 4.641588833612753496e+42 4.209658173523873431e-05 3.672061922160961019e-05 4.747254424886785843e-05 6.100000000000000000e+01
9.271958457511613183e-01 8.299999999999999600e-01 1.030000000000000027e+00 5.731538342077292621e+42 4.641588833612753496e+42 9.085175756516916864e+42 7.160820778546121843e-06 5.761497798054918732e-06 8.560143759037324107e-06 1.100000000000000000e+01
9.271958457511613183e-01 8.299999999999999600e-01 1.030000000000000027e+00 1.315316904636108294e+43 9.085175756516916864e+42 1.778279410038922722e+43 2.665160326682275075e-06 1.722970885258002857e-06 3.607349768106547293e-06 4.000000000000000000e+00
9.271958457511613183e-01 8.299999999999999600e-01 1.030000000000000027e+00 3.336031903777357069e+43 1.778279410038922722e+43 3.480700588428391906e+43 6.249572818919977865e-07 3.239098181755569171e-07 9.260047456084386559e-07 1.000000000000000000e+00
1.229734575811130437e+00 1.159999999999999920e+00 1.300000000000000044e+00 3.122117038848401666e+42 2.371373705661655282e+42 4.641588833612753496e+42 1.436153825872484350e-04 1.146441790848725235e-04 1.725865860896243329e-04 1.560000000000000000e+02
1.229734575811130437e+00 1.159999999999999920e+00 1.300000000000000044e+00 5.815784121207506520e+42 4.641588833612753496e+42 9.085175756516916864e+42 3.751276669996114418e-05 2.798511893826572761e-05 4.704041446165656076e-05 3.600000000000000000e+01
1.229734575811130437e+00 1.159999999999999920e+00 1.300000000000000044e+00 1.343228175209320950e+43 9.085175756516916864e+42 1.778279410038922722e+43 4.582745411060010439e-06 2.648853426375763290e-06 6.516637395744258012e-06 5.000000000000000000e+00
1.229734575811130437e+00 1.159999999999999920e+00 1.300000000000000044e+00 5.075388404421023448e+43 3.480700588428391906e+43 6.812920690579649825e+43 1.949095538697558118e-06 1.051795133591442935e-06 2.846395943803673091e-06 2.000000000000000000e+00
6.121394455899052955e-01 5.100000000000000089e-01 6.999999999999999556e-01 4.062332905599288827e+41 3.162277660168379452e+41 6.189658188912571906e+41 7.402748272643518233e-04 7.119636912954281551e-04 7.685859632332754914e-04 7.500000000000000000e+01
6.121394455899052955e-01 5.100000000000000089e-01 6.999999999999999556e-01 8.001210127976535996e+41 6.189658188912571906e+41 1.211527658628595105e+42 1.803991176406954217e-04 1.711313391741000050e-04 1.896668961072908385e-04 1.700000000000000000e+01
6.121394455899052955e-01 5.100000000000000089e-01 6.999999999999999556e-01 1.727460647248441871e+42 1.211527658628595105e+42 2.371373705661655282e+42 4.660554864127264990e-05 3.939837578364962465e-05 5.381272149889567514e-05 3.000000000000000000e+00
6.121394455899052955e-01 5.100000000000000089e-01 6.999999999999999556e-01 3.352346339430915601e+42 2.371373705661655282e+42 4.641588833612753496e+42 3.448877418038567101e-05 2.756072376051084730e-05 4.141682460026049472e-05 3.000000000000000000e+00
7.406540406107821051e-01 6.500000000000000222e-01 8.399999999999999689e-01 8.636606643361490863e+41 6.189658188912571906e+41 1.211527658628595105e+42 1.909936583061591566e-04 1.762960006136101766e-04 2.056913159987081366e-04 2.600000000000000000e+01
7.406540406107821051e-01 6.500000000000000222e-01 8.399999999999999689e-01 1.727460647248441871e+42 1.211527658628595105e+42 2.371373705661655282e+42 3.614476750919881274e-05 3.055527022975472565e-05 4.173426478864289982e-05 3.000000000000000000e+00
7.406540406107821051e-01 6.500000000000000222e-01 8.399999999999999689e-01 3.274588755069462236e+42 2.371373705661655282e+42 4.641588833612753496e+42 1.449617148737143731e-05 1.159693718989714849e-05 1.739540578484572613e-05 2.000000000000000000e+00
9.444978419495257960e-01 8.399999999999999689e-01 1.100000000000000089e+00 1.573574327511072671e+42 1.211527658628595105e+42 2.371373705661655282e+42 2.043409291793129581e-04 1.949423224985689517e-04 2.137395358600569645e-04 4.800000000000000000e+01
9.444978419495257960e-01 8.399999999999999689e-01 1.100000000000000089e+00 3.506360863617909531e+42 2.371373705661655282e+42 4.641588833612753496e+42 1.971739311137194698e-05 1.629621147775070069e-05 2.313857474499319327e-05 4.000000000000000000e+00
9.444978419495257960e-01 8.399999999999999689e-01 1.100000000000000089e+00 6.056928295506253519e+42 4.641588833612753496e+42 9.085175756516916864e+42 1.099777978197016549e-05 8.644120464765442152e-06 1.335143909917488884e-05 2.000000000000000000e+00
